t q1 q2 q3 q4 q5 
0.0000000100 1.3224215164 1.3224215164 1.3224215164 1.3224215164 1.3224215164 
0.3000000000 1.1403282230 1.1403239286 1.1402986932 1.1402308436 1.1401748368 
0.6000000000 1.2130578319 1.2136748120 1.2143963388 1.2162128643 1.2184960829 
0.9000000000 1.0735136446 1.0739355429 1.0745881861 1.0768449913 1.0793281694 
1.2000000000 0.8182619310 0.8177875060 0.8174018489 0.8172097699 0.8164206502 
1.5000000000 0.5518591958 0.5511881431 0.5499807713 0.5477547366 0.5449486296 
1.8000000000 0.3301395325 0.3293673462 0.3284291804 0.3256371509 0.3223341749 
2.1000000000 0.1718687624 0.1713216819 0.1709892701 0.1688683316 0.1676122334 
2.4000000000 0.0768558896 0.0770803371 0.0776030203 0.0788552226 0.0802058770 
2.7000000000 0.0420282544 0.0434586445 0.0449739551 0.0499279812 0.0548906227 
3.0000000000 0.0425808388 0.0439791413 0.0454275320 0.0505271997 0.0552029423 
3.3000000000 0.0419171329 0.0429161820 0.0442334135 0.0485945028 0.0526512185 
3.6000000000 0.0352658697 0.0362669572 0.0375922473 0.0418959577 0.0468515090 
3.9000000000 0.0262823782 0.0272610987 0.0287145567 0.0334433484 0.0396500940 
4.2000000000 0.0174101461 0.0186894903 0.0205137732 0.0267183769 0.0340278858 
4.5000000000 0.0104928462 0.0119826929 0.0143358848 0.0225999938 0.0307568521 
4.8000000000 0.0054648741 0.0076529521 0.0105711407 0.0205453533 0.0294553884 
5.1000000000 0.0025766769 0.0057162234 0.0090132600 0.0200569124 0.0292389672 
5.4000000000 0.0016336347 0.0052267524 0.0088113786 0.0203373495 0.0301021163 
5.7000000000 0.0017679602 0.0054699219 0.0092026150 0.0210409715 0.0309492864 
6.0000000000 0.0018825817 0.0058893073 0.0097127111 0.0217844514 0.0324643510 
6.3000000000 0.0020823053 0.0063264921 0.0102702446 0.0226516345 0.0332514331 
6.6000000000 0.0021546751 0.0067046555 0.0108398837 0.0237031562 0.0343499486 
6.9000000000 0.0022299475 0.0069798910 0.0112460409 0.0245105407 0.0358051712 
7.2000000000 0.0023818373 0.0072760195 0.0116161300 0.0252589708 0.0371072605 
7.5000000000 0.0025481019 0.0076231300 0.0120854034 0.0262452846 0.0385950816 
7.8000000000 0.0026601553 0.0078765469 0.0125093020 0.0272020067 0.0397388289 
8.1000000000 0.0027248305 0.0080801926 0.0129557656 0.0280583421 0.0405629333 
8.4000000000 0.0027737405 0.0083357748 0.0133329964 0.0289120527 0.0416950661 
8.7000000000 0.0028482724 0.0085708799 0.0136149909 0.0296650835 0.0429523425 
9.0000000000 0.0028805061 0.0087139206 0.0138688082 0.0302570554 0.0436820161 
9.3000000000 0.0029211842 0.0087624040 0.0141003974 0.0305823455 0.0450979867 
9.6000000000 0.0029682854 0.0087914245 0.0142004670 0.0308940466 0.0455302023 
9.9000000000 0.0030180215 0.0088210077 0.0142336820 0.0312833849 0.0464383139 
10.2000000000 0.0030269925 0.0088431811 0.0143458442 0.0313960067 0.0466391363 
10.5000000000 0.0030428530 0.0088645052 0.0145178398 0.0313773260 0.0471474661 
10.8000000000 0.0030781304 0.0089894271 0.0146706805 0.0316201130 0.0473323855 
11.1000000000 0.0031299507 0.0091868244 0.0147892681 0.0316510674 0.0473804393 
11.4000000000 0.0031164128 0.0093550829 0.0149226390 0.0319050415 0.0479269256 
11.7000000000 0.0030516151 0.0094399233 0.0150235846 0.0324710076 0.0478162906 
12.0000000000 0.0029592038 0.0094350832 0.0151184847 0.0328925162 0.0485909811 
12.3000000000 0.0028245220 0.0093582736 0.0151791511 0.0332197224 0.0494992216 
12.6000000000 0.0026972033 0.0091511278 0.0150999895 0.0336966324 0.0493150143 
12.9000000000 0.0025072651 0.0088324677 0.0147212725 0.0333979269 0.0490761498 
13.2000000000 0.0021744970 0.0085038755 0.0141978764 0.0328139852 0.0493002721 
13.5000000000 0.0014364244 0.0076152364 0.0136286787 0.0322578643 0.0492369830 
13.8000000000 0.0012576249 0.0058708761 0.0121250485 0.0305986058 0.0477337875 
14.1000000000 0.0016480775 0.0042516366 0.0087562505 0.0288986544 0.0446029615 
14.4000000000 0.0016625763 0.0050756182 0.0074612300 0.0244293133 0.0414509339 
14.7000000000 0.0016979215 0.0054937125 0.0087603473 0.0183562032 0.0336411453 
15.0000000000 0.0017573800 0.0056449000 0.0091849930 0.0187156971 0.0274600209 
15.3000000000 0.0018116141 0.0057746654 0.0094584829 0.0203929819 0.0282517234 
15.6000000000 0.0018225337 0.0059065938 0.0096338886 0.0209319674 0.0300774566 
15.9000000000 0.0017813528 0.0059430655 0.0097140185 0.0211291647 0.0309705664 
16.2000000000 0.0017813887 0.0058287114 0.0095819706 0.0211557965 0.0314420821 
16.5000000000 0.0017893234 0.0056943272 0.0093182016 0.0209629787 0.0310650868 
16.8000000000 0.0017465501 0.0054795231 0.0089686429 0.0202278925 0.0303646133 
17.1000000000 0.0016756117 0.0051916459 0.0085876807 0.0193845636 0.0294132448 
17.4000000000 0.0015389062 0.0050154986 0.0082359606 0.0183572518 0.0278494307 
17.7000000000 0.0014264780 0.0046771695 0.0077876196 0.0174817436 0.0264531555 
18.0000000000 0.0013821309 0.0043291125 0.0073389970 0.0169670418 0.0258093471 
18.3000000000 0.0013278443 0.0040338636 0.0069036420 0.0162366309 0.0244314380 
18.6000000000 0.0012475053 0.0037769255 0.0063136894 0.0137703537 0.0221134386 
18.9000000000 0.0011734207 0.0035537500 0.0058302869 0.0100461903 0.0174565166 
19.2000000000 0.0010846839 0.0032667757 0.0053685477 0.0058608086 0.0101046298 
19.5000000000 0.0010480462 0.0030493682 0.0048861353 0.0050735558 0.0069718559 
19.8000000000 0.0009806164 0.0028305935 0.0045242481 0.0060708420 0.0088081860 
20.1000000000 0.0009192765 0.0028896856 0.0043782163 0.0072647660 0.0104847205 
20.4000000000 0.0009431038 0.0030115217 0.0046623202 0.0082674223 0.0119898298 
20.7000000000 0.0010811894 0.0035071403 0.0052846060 0.0098937061 0.0142218317 
21.0000000000 0.0011824542 0.0041131319 0.0060821754 0.0116116068 0.0169824865 
21.3000000000 0.0014167853 0.0045427206 0.0071040703 0.0139113634 0.0198164578 
21.6000000000 0.0016083540 0.0050964480 0.0079608752 0.0160756240 0.0231472976 
21.9000000000 0.0018506240 0.0056593018 0.0088846330 0.0182582759 0.0263875734 
22.2000000000 0.0021054084 0.0061372278 0.0097763975 0.0204580452 0.0296786424 
22.5000000000 0.0024290316 0.0066293636 0.0106217936 0.0224384307 0.0324888976 
22.8000000000 0.0026650633 0.0072418612 0.0114580534 0.0242389883 0.0353035396 
23.1000000000 0.0028350530 0.0077245938 0.0121981734 0.0262490454 0.0379035043 
23.4000000000 0.0030223629 0.0082173176 0.0129842038 0.0279005812 0.0404393630 
23.7000000000 0.0031593853 0.0086162604 0.0136850741 0.0296808015 0.0428761921 
24.0000000000 0.0032665268 0.0089428920 0.0142951274 0.0308775350 0.0448189082 
24.3000000000 0.0033151992 0.0092517318 0.0147322427 0.0318534644 0.0464457853 
24.6000000000 0.0033135161 0.0094633151 0.0151046792 0.0324906817 0.0475939335 
24.9000000000 0.0032657646 0.0096116302 0.0153752281 0.0326998564 0.0480663441 
25.2000000000 0.0031394748 0.0096312115 0.0154705917 0.0324254220 0.0478569362 
25.5000000000 0.0030906992 0.0096020722 0.0154781422 0.0314200441 0.0467919557 
25.8000000000 0.0030505482 0.0094547800 0.0154219113 0.0298950265 0.0449226735 
26.1000000000 0.0029451207 0.0092561019 0.0152518762 0.0277860087 0.0427209955 
26.4000000000 0.0028255153 0.0089468099 0.0148875793 0.0254983206 0.0398173736 
26.7000000000 0.0027034761 0.0085666022 0.0143205472 0.0234363632 0.0360826151 
27.0000000000 0.0024340806 0.0079912349 0.0135425854 0.0217331370 0.0329329262 
27.3000000000 0.0019892179 0.0071606370 0.0125091223 0.0204934598 0.0301063118 
27.6000000000 0.0016085029 0.0060516573 0.0109731358 0.0190056193 0.0275645584 
27.9000000000 0.0015016835 0.0050233237 0.0092712859 0.0186260697 0.0259637101 
28.2000000000 0.0015888863 0.0047341464 0.0081289656 0.0143442479 0.0252383690 
28.5000000000 0.0016855241 0.0051120222 0.0082039225 0.0091368494 0.0215517853 
28.8000000000 0.0017230988 0.0052973932 0.0085405334 0.0047905722 0.0217651679 
29.1000000000 0.0017234686 0.0053873205 0.0087732987 0.0074963681 0.0073460264 
29.4000000000 0.0016808708 0.0054422408 0.0089174695 0.0108495885 0.0131394292 
29.7000000000 0.0015941014 0.0054136915 0.0090023463 0.0114806252 0.0137859795 
30.0000000000 0.0015760117 0.0052934400 0.0089540987 0.0112475263 0.0175173097 
30.3000000000 0.0014793315 0.0051146464 0.0087639376 0.0112628173 0.0179691158 
30.6000000000 0.0013670705 0.0049045091 0.0084916727 0.0122436495 0.0165279873 
30.9000000000 0.0012615696 0.0046258868 0.0081390576 0.0129548391 0.0169235056 
31.2000000000 0.0011817408 0.0044033821 0.0076793968 0.0138253591 0.0174160389 
31.5000000000 0.0010853403 0.0041255260 0.0072829723 0.0143481906 0.0168505907 
31.8000000000 0.0009964592 0.0038934629 0.0069517181 0.0146261293 0.0167257076 
32.1000000000 0.0009504266 0.0036244556 0.0065593434 0.0146082056 0.0171986312 
32.4000000000 0.0008352748 0.0034360057 0.0062085185 0.0145304419 0.0180422358 
32.7000000000 0.0008241692 0.0032995944 0.0059608625 0.0141862693 0.0188296520 
33.0000000000 0.0008816851 0.0032265646 0.0057956450 0.0139103935 0.0193089959 
33.3000000000 0.0009346867 0.0033524791 0.0057225677 0.0138023265 0.0198396521 
33.6000000000 0.0010880455 0.0035476081 0.0058816475 0.0139495842 0.0203724124 
33.9000000000 0.0010925015 0.0037324693 0.0061921709 0.0141579322 0.0209741962 
34.2000000000 0.0012774307 0.0040048498 0.0065731747 0.0147520833 0.0219832557 
34.5000000000 0.0013567528 0.0042580446 0.0069290460 0.0151758783 0.0230768381 
34.8000000000 0.0014237726 0.0044840750 0.0073061483 0.0158115621 0.0241770403 
35.1000000000 0.0015352152 0.0047392065 0.0076868174 0.0167074853 0.0251295178 
35.4000000000 0.0016124051 0.0049656478 0.0079659121 0.0175048809 0.0259480421 
35.7000000000 0.0016951048 0.0050987390 0.0082115979 0.0179807726 0.0265616885 
36.0000000000 0.0017335259 0.0052325988 0.0083914825 0.0182409826 0.0267986308 
36.3000000000 0.0017275665 0.0052997306 0.0085020448 0.0182795148 0.0266788306 
36.6000000000 0.0017465987 0.0053066452 0.0085488250 0.0180419228 0.0265406051 
36.9000000000 0.0017334560 0.0052753047 0.0085702840 0.0176986322 0.0261219991 
37.2000000000 0.0017059593 0.0052043119 0.0085313360 0.0173207078 0.0254493206 
37.5000000000 0.0017465386 0.0051642895 0.0084758883 0.0170234650 0.0250466820 
37.8000000000 0.0017308397 0.0051070834 0.0085044095 0.0168983127 0.0250024867 
38.1000000000 0.0018114496 0.0052574864 0.0087541847 0.0169645329 0.0249134560 
38.4000000000 0.0019615453 0.0054680495 0.0091527433 0.0172104457 0.0256815627 
38.7000000000 0.0021188753 0.0058161535 0.0096547975 0.0173849194 0.0255895590 
39.0000000000 0.0023279843 0.0063019184 0.0103875392 0.0177790497 0.0264836366 
39.3000000000 0.0025175626 0.0068581989 0.0112297421 0.0188158717 0.0272692942 
39.6000000000 0.0027109144 0.0074718124 0.0120190874 0.0206381537 0.0297592917 
39.9000000000 0.0028894313 0.0079866425 0.0128859308 0.0229676832 0.0326216485 
40.2000000000 0.0030818536 0.0084734323 0.0135882604 0.0253134001 0.0364177634 
40.5000000000 0.0032005164 0.0089475521 0.0142441203 0.0275612585 0.0395198967 
40.8000000000 0.0032653286 0.0093311872 0.0148563255 0.0296490832 0.0425804114 
41.1000000000 0.0032891230 0.0097037834 0.0153776383 0.0313145800 0.0454671227 
41.4000000000 0.0032889134 0.0099053551 0.0157703255 0.0327193790 0.0478632773 
41.7000000000 0.0032463759 0.0099939106 0.0160227324 0.0339108630 0.0498982462 
42.0000000000 0.0031822199 0.0100051213 0.0161350008 0.0344956952 0.0508741961 
42.3000000000 0.0031345675 0.0099171597 0.0161189602 0.0347239055 0.0512642676 
42.6000000000 0.0030778774 0.0097201653 0.0159066412 0.0345700443 0.0510242252 
42.9000000000 0.0029483321 0.0094484491 0.0154682308 0.0339766744 0.0503168319 
43.2000000000 0.0027675316 0.0090637190 0.0147471611 0.0329954679 0.0492849879 
43.5000000000 0.0025584529 0.0085660288 0.0139397231 0.0314815535 0.0473698009 
43.8000000000 0.0024164639 0.0079862515 0.0130323178 0.0294292225 0.0446100592 
44.1000000000 0.0022964255 0.0075523041 0.0122739006 0.0271190467 0.0416813213 
44.4000000000 0.0022021053 0.0072197408 0.0117452162 0.0255276692 0.0385954859 
44.7000000000 0.0021112426 0.0068718171 0.0112946086 0.0243115561 0.0368848501 
45.0000000000 0.0020155684 0.0065389176 0.0108432707 0.0234240894 0.0348786999 
45.3000000000 0.0019234911 0.0062823793 0.0103145529 0.0226761627 0.0338521606 
45.6000000000 0.0018379260 0.0058836681 0.0097854214 0.0220705647 0.0328431301 
45.9000000000 0.0017059762 0.0056517958 0.0092694035 0.0210800272 0.0317524588 
46.2000000000 0.0016144869 0.0053982585 0.0089431316 0.0201911238 0.0307535967 
46.5000000000 0.0015486181 0.0051325177 0.0084621369 0.0195749897 0.0291686722 
46.8000000000 0.0015000897 0.0049733409 0.0081777963 0.0191160528 0.0282918520 
47.1000000000 0.0014982317 0.0049036270 0.0079399245 0.0185790218 0.0274776535 
47.4000000000 0.0014774597 0.0048208585 0.0078173175 0.0182740803 0.0267184337 
47.7000000000 0.0014580141 0.0047655381 0.0077550784 0.0178582073 0.0263585448 
48.0000000000 0.0014306366 0.0047100685 0.0077487917 0.0176259562 0.0261341001 
48.3000000000 0.0013862740 0.0046535026 0.0077585815 0.0174959319 0.0260484262 
48.6000000000 0.0013944425 0.0045821226 0.0078017367 0.0174177160 0.0258566945 
48.9000000000 0.0013676560 0.0044906934 0.0078136748 0.0172632372 0.0255352838 
49.2000000000 0.0013070025 0.0044523968 0.0076688637 0.0169528919 0.0251233588 
49.5000000000 0.0011866585 0.0044066257 0.0073817507 0.0165579078 0.0244831785 
49.8000000000 0.0011684358 0.0042593061 0.0070981121 0.0156797822 0.0237741912 
50.1000000000 0.0011104933 0.0041381623 0.0068197484 0.0148520006 0.0226522201 
50.4000000000 0.0010537671 0.0039082606 0.0065553856 0.0135329628 0.0212383364 
50.7000000000 0.0010453947 0.0037387943 0.0062951828 0.0125526511 0.0198169172 
51.0000000000 0.0009732970 0.0035792343 0.0060763727 0.0114205175 0.0182829294 
51.3000000000 0.0009412559 0.0033917187 0.0058620037 0.0104969455 0.0169238279 
51.6000000000 0.0009688023 0.0032804480 0.0056893585 0.0098860525 0.0156489025 
51.9000000000 0.0009621436 0.0032810893 0.0055811546 0.0096757566 0.0149222919 
52.2000000000 0.0010324879 0.0034776672 0.0056561642 0.0098666278 0.0144275716 
52.5000000000 0.0011192575 0.0037378888 0.0058450312 0.0106570441 0.0142579310 
52.8000000000 0.0012511071 0.0039834937 0.0063253032 0.0118081910 0.0149825522 
53.1000000000 0.0014945322 0.0043432378 0.0070552141 0.0134640819 0.0165596105 
53.4000000000 0.0018311179 0.0050180737 0.0079208592 0.0152868610 0.0182621225 
53.7000000000 0.0019530792 0.0057429354 0.0090050915 0.0170888244 0.0203152828 
54.0000000000 0.0021042909 0.0062169263 0.0097825069 0.0191566855 0.0235051913 
54.3000000000 0.0023507965 0.0065633070 0.0103478890 0.0208400563 0.0276232813 
54.6000000000 0.0024316815 0.0069429501 0.0109476581 0.0224374912 0.0312407319 
54.9000000000 0.0025024715 0.0073043106 0.0115055501 0.0239562328 0.0339395609 
55.2000000000 0.0025818285 0.0076062888 0.0119621593 0.0252825094 0.0361695557 
55.5000000000 0.0026483554 0.0078970743 0.0124372708 0.0264904370 0.0383523231 
55.8000000000 0.0027314376 0.0081339153 0.0128805000 0.0275629739 0.0398969897 
56.1000000000 0.0028422372 0.0083815229 0.0133133554 0.0284052607 0.0415356156 
56.4000000000 0.0029485801 0.0087854410 0.0136886324 0.0293013833 0.0428882684 
56.7000000000 0.0030607152 0.0090721244 0.0141527678 0.0303629316 0.0442465381 
57.0000000000 0.0031036672 0.0093562985 0.0146068565 0.0312980779 0.0453430625 
57.3000000000 0.0031428447 0.0095647559 0.0150603359 0.0316966548 0.0459384815 
57.6000000000 0.0031392644 0.0097482800 0.0154629202 0.0314152636 0.0459605614 
57.9000000000 0.0031370076 0.0098986122 0.0157653540 0.0306835378 0.0451148510 
58.2000000000 0.0031395071 0.0100148093 0.0159981899 0.0291737709 0.0434075799 
58.5000000000 0.0031340325 0.0100533061 0.0160775484 0.0269676182 0.0409697164 
58.8000000000 0.0031039717 0.0099289228 0.0159821164 0.0242381779 0.0371471160 
59.1000000000 0.0030163434 0.0096792150 0.0157624829 0.0213187722 0.0333761033 
59.4000000000 0.0028910394 0.0093110321 0.0153948958 0.0192247375 0.0304789718 
59.7000000000 0.0026622435 0.0088093926 0.0148042662 0.0173633939 0.0275207952 
60.0000000000 0.0024271200 0.0081442800 0.0137934097 0.0155208210 0.0254867143 
60.3000000000 0.0022906120 0.0075335712 0.0127936090 0.0138492314 0.0242756487 
60.6000000000 0.0022310646 0.0072628777 0.0121676231 0.0121607810 0.0213625190 
60.9000000000 0.0021492863 0.0070605051 0.0117817881 0.0101391786 0.0183022853 
61.2000000000 0.0020611961 0.0067898086 0.0114141715 0.0093710470 0.0171652194 
61.5000000000 0.0019860689 0.0065049156 0.0109189136 0.0092910573 0.0147670183 
61.8000000000 0.0019365446 0.0061395925 0.0103847990 0.0090969112 0.0141617815 
62.1000000000 0.0018029847 0.0057677670 0.0098651865 0.0094386101 0.0143026892 
62.4000000000 0.0016853919 0.0054796734 0.0091650389 0.0102925321 0.0151089483 
62.7000000000 0.0015537436 0.0051165127 0.0084494866 0.0110719073 0.0160834279 
63.0000000000 0.0014463002 0.0047262719 0.0078696637 0.0117481595 0.0175264433 
63.3000000000 0.0013026145 0.0043594466 0.0072996459 0.0124428784 0.0185891310 
63.6000000000 0.0012151572 0.0040025169 0.0067320908 0.0126804523 0.0192898987 
63.9000000000 0.0011478487 0.0036849216 0.0062099097 0.0127331839 0.0193020734 
64.2000000000 0.0011136914 0.0034214730 0.0056782996 0.0126582612 0.0190821395 
64.5000000000 0.0011030088 0.0032553960 0.0053477163 0.0125723221 0.0186091603 
64.8000000000 0.0010647535 0.0032360527 0.0052445278 0.0123444468 0.0180280302 
65.1000000000 0.0011035594 0.0033111259 0.0054464564 0.0124425094 0.0177618830 
65.4000000000 0.0011277461 0.0035527899 0.0058629025 0.0128555051 0.0181182962 
65.7000000000 0.0012215030 0.0038817620 0.0064890191 0.0137076245 0.0193124960 
66.0000000000 0.0014218171 0.0043257086 0.0070173258 0.0148684830 0.0209110604 
66.3000000000 0.0015628188 0.0047511039 0.0076463118 0.0161592308 0.0225582142 
66.6000000000 0.0016754753 0.0050847384 0.0082307218 0.0174342568 0.0244584245 
66.9000000000 0.0017292701 0.0053646114 0.0086540970 0.0184834158 0.0261973194 
67.2000000000 0.0017814442 0.0055790868 0.0090337085 0.0190734322 0.0274896400 
67.5000000000 0.0018436402 0.0057889670 0.0093322086 0.0192975374 0.0282202191 
67.8000000000 0.0019097716 0.0059991217 0.0096326609 0.0191158205 0.0284511162 
68.1000000000 0.0019909753 0.0062369732 0.0098400051 0.0188516246 0.0282361701 
68.4000000000 0.0020673466 0.0063330580 0.0099611804 0.0187354721 0.0278510678 
68.7000000000 0.0021061709 0.0064303838 0.0101494457 0.0187060460 0.0271982017 
69.0000000000 0.0021080264 0.0065552015 0.0103544895 0.0190874134 0.0270092963 
69.3000000000 0.0021383984 0.0065483033 0.0105177242 0.0197718206 0.0279035001 
69.6000000000 0.0021923730 0.0066499273 0.0106423026 0.0204346431 0.0291413525 
69.9000000000 0.0021992689 0.0068109255 0.0108641668 0.0210958273 0.0304390217 
